68802443599
296022769723
529120576079
76078076777
176155659587
947873523473
480616032991
809589029573
238102333409
387074784751
598093564169
539604726779
674774634013
164461865189
464062006657
742573566139
946437590083
335768084011
189977647973
43542721421
969651060803
109487160313
521818323277
77308555579
881360033531
502215835669
953951835449
998696358133
326120300057
150856037201
918229898447
907423822973
659671104997
255469808497
284989807147
375132077953
708431345161
938185177889
127564950109
489838585813
377110285169
187227741697
992888403103
67713898981
22442231561
207757234183
553277646401
6298346317
505462879517
737026920037
612341235019
673191060203
75848080019
780338794057
439677694633
22965334939
456780037817
182873167391
297941569183
601150028519
131647133369
129237542009
146759597471
968980043573
220346730347
995062312589
755456078477
236183743573
638868181823
938928675871
120319535443
236312983061
679327900751
455372788243
207160579151
173695907971
67432104059
592284781019
451821492917
768805461143
241282709279
414928891031
970180077649
757346844521
78471170027
770112161699
305679248041
750762287567
167076548603
881555783161
934413592921
497842174363
820698394231
888475070683
84414734689
97653216743
421167197327
277911979769
542621728843
801072289697
568284972193
101955089833
850096844039
527360563963
687110232521
623017374769
728898085957
614809673741
